test-data\pmed1.txt 5819 {64, 98, 6, 12, 90}
test-data\pmed2.txt 4118 {1, 66, 7, 72, 11, 22, 26, 98, 44, 51}
test-data\pmed3.txt 4262 {68, 4, 8, 13, 20, 25, 95, 98, 35, 53}
test-data\pmed4.txt 3057 {2, 4, 6, 8, 11, 21, 25, 33, 37, 47, 51, 54, 59, 61, 65, 71, 76, 82, 90, 92}
test-data\pmed5.txt 1362 {0, 3, 6, 8, 13, 18, 23, 25, 27, 29, 31, 35, 36, 37, 40, 44, 48, 50, 52, 54, 57, 64, 68, 69, 72, 74, 80, 81, 83, 84, 93, 94, 96}
test-data\pmed6.txt 7833 {100, 109, 15, 85, 125}
test-data\pmed7.txt 5646 {130, 2, 198, 71, 11, 141, 185, 180, 121, 190}
test-data\pmed8.txt 4472 {129, 3, 132, 12, 145, 34, 166, 41, 178, 65, 193, 69, 198, 82, 83, 98, 113, 116, 118, 126}
test-data\pmed9.txt 2771 {0, 2, 4, 10, 11, 24, 28, 30, 38, 40, 45, 46, 48, 52, 53, 54, 57, 60, 66, 69, 88, 90, 95, 97, 107, 117, 120, 125, 131, 133, 142, 147, 150, 153, 166, 175, 180, 181, 191, 199}
test-data\pmed10.txt 1273 {2, 3, 4, 5, 14, 16, 18, 27, 30, 34, 38, 40, 41, 42, 43, 46, 47, 48, 49, 54, 57, 58, 60, 63, 64, 67, 68, 71, 73, 80, 83, 84, 96, 97, 103, 105, 107, 111, 118, 120, 122, 124, 127, 128, 130, 132, 134, 136, 143, 144, 145, 147, 150, 155, 157, 165, 167, 171, 174, 178, 179, 182, 190, 192, 193, 198, 199}
test-data\pmed11.txt 7721 {67, 166, 13, 211, 23}
test-data\pmed12.txt 6651 {2, 5, 139, 83, 216, 293, 43, 173, 50, 124}
test-data\pmed13.txt 4424 {1, 131, 5, 261, 7, 12, 270, 142, 16, 146, 26, 29, 160, 293, 38, 40, 48, 179, 54, 188, 62, 206, 207, 83, 211, 216, 92, 103, 107, 248}
test-data\pmed14.txt 2987 {0, 258, 12, 13, 14, 277, 278, 21, 22, 283, 28, 284, 291, 35, 37, 40, 41, 298, 48, 59, 60, 63, 78, 79, 82, 101, 106, 110, 111, 115, 120, 121, 122, 126, 128, 129, 132, 136, 141, 153, 155, 156, 158, 167, 170, 172, 175, 179, 186, 192, 202, 204, 208, 209, 214, 224, 226, 227, 252, 253}
test-data\pmed15.txt 1751 {1, 3, 4, 6, 7, 9, 10, 12, 14, 16, 17, 19, 20, 21, 23, 28, 31, 35, 36, 37, 43, 44, 45, 48, 50, 53, 56, 57, 60, 61, 64, 65, 68, 72, 74, 76, 78, 86, 91, 96, 98, 105, 121, 125, 131, 134, 137, 140, 141, 145, 148, 155, 156, 157, 159, 160, 163, 165, 167, 174, 176, 178, 184, 188, 191, 194, 198, 201, 204, 208, 211, 212, 213, 214, 215, 219, 220, 225, 227, 229, 237, 239, 240, 242, 243, 245, 247, 253, 254, 257, 264, 269, 271, 273, 275, 288, 291, 293, 295, 297}
test-data\pmed16.txt 8165 {194, 266, 373, 378, 29}
test-data\pmed17.txt 6999 {71, 391, 330, 91, 221, 35, 359, 172, 115, 119}
test-data\pmed18.txt 4873 {1, 3, 261, 266, 268, 275, 24, 26, 32, 34, 38, 41, 297, 49, 306, 51, 309, 57, 62, 320, 324, 335, 85, 356, 358, 103, 113, 118, 389, 137, 140, 164, 167, 202, 203, 214, 219, 227, 230, 251}
test-data\pmed19.txt 2892 {4, 8, 10, 11, 13, 15, 26, 27, 28, 31, 39, 47, 48, 49, 51, 58, 59, 64, 65, 69, 73, 75, 79, 90, 99, 106, 107, 113, 117, 120, 124, 127, 131, 133, 136, 160, 167, 168, 177, 182, 184, 186, 187, 190, 195, 196, 203, 206, 209, 212, 230, 237, 244, 247, 250, 262, 265, 266, 270, 273, 283, 291, 293, 305, 310, 316, 326, 330, 337, 339, 345, 357, 360, 374, 384, 385, 390, 393, 398, 399}
test-data\pmed20.txt 1841 {3, 4, 10, 14, 15, 18, 21, 25, 27, 32, 33, 34, 36, 44, 49, 50, 55, 61, 63, 64, 67, 69, 72, 74, 75, 76, 77, 80, 82, 85, 86, 87, 88, 89, 90, 91, 95, 96, 97, 98, 99, 100, 101, 102, 103, 104, 108, 111, 112, 115, 116, 118, 122, 124, 128, 132, 136, 137, 146, 150, 158, 162, 164, 166, 167, 171, 174, 181, 185, 186, 191, 195, 198, 199, 202, 205, 211, 214, 218, 226, 227, 230, 231, 232, 237, 239, 242, 243, 246, 252, 260, 261, 262, 263, 265, 266, 267, 268, 270, 273, 279, 283, 286, 290, 291, 293, 297, 298, 300, 304, 313, 316, 320, 323, 327, 328, 330, 331, 333, 334, 337, 338, 356, 357, 363, 366, 370, 378, 381, 389, 394, 395, 399}
test-data\pmed21.txt 9138 {160, 70, 137, 493, 284}
test-data\pmed22.txt 8662 {9, 267, 399, 17, 468, 30, 418, 489, 108, 247}
test-data\pmed23.txt 4636 {265, 18, 20, 33, 41, 46, 48, 306, 52, 309, 55, 311, 313, 317, 322, 71, 72, 74, 78, 80, 83, 342, 346, 356, 358, 367, 114, 377, 378, 141, 401, 150, 408, 412, 164, 169, 170, 183, 453, 457, 203, 459, 460, 471, 480, 481, 482, 230, 489, 240}
test-data\pmed24.txt 2993 {3, 7, 9, 10, 12, 15, 30, 31, 44, 45, 46, 51, 53, 54, 60, 61, 64, 74, 80, 85, 90, 94, 98, 105, 106, 110, 120, 124, 126, 128, 132, 136, 138, 142, 153, 155, 158, 159, 164, 167, 172, 174, 179, 181, 196, 199, 201, 202, 205, 211, 213, 215, 217, 227, 228, 234, 240, 248, 253, 268, 288, 289, 291, 294, 297, 309, 312, 314, 317, 322, 324, 325, 327, 336, 337, 340, 362, 364, 367, 369, 370, 376, 377, 383, 391, 392, 400, 417, 418, 420, 421, 428, 435, 444, 481, 487, 488, 490, 493, 499}
test-data\25-40\pmed25.txt 1871 {1, 7, 10, 11, 18, 19, 20, 26, 28, 29, 31, 32, 33, 42, 43, 49, 50, 53, 55, 58, 62, 63, 64, 65, 66, 67, 69, 73, 75, 78, 79, 80, 81, 85, 89, 90, 91, 96, 98, 99, 101, 104, 105, 108, 109, 114, 115, 116, 118, 121, 122, 123, 125, 127, 129, 136, 138, 139, 142, 144, 146, 147, 151, 152, 159, 160, 161, 168, 169, 172, 174, 175, 177, 181, 182, 186, 187, 189, 191, 194, 200, 203, 211, 214, 215, 216, 220, 221, 222, 223, 224, 226, 227, 228, 231, 237, 238, 239, 240, 248, 258, 260, 261, 265, 266, 270, 273, 276, 277, 283, 288, 289, 291, 294, 297, 308, 309, 312, 314, 316, 320, 325, 331, 332, 338, 341, 342, 352, 353, 355, 363, 364, 365, 366, 367, 369, 378, 380, 381, 384, 393, 395, 405, 409, 416, 419, 421, 422, 425, 437, 440, 443, 450, 451, 452, 457, 463, 468, 469, 473, 475, 482, 490, 494, 495, 497, 499}
test-data\25-40\pmed26.txt 9917 {130, 324, 301, 337, 87}
test-data\25-40\pmed27.txt 8364 {3, 324, 388, 323, 337, 87, 301, 109, 560, 57}
test-data\25-40\pmed28.txt 4540 {261, 264, 11, 269, 276, 534, 539, 28, 288, 35, 294, 43, 53, 57, 315, 319, 577, 321, 324, 74, 331, 589, 595, 84, 599, 343, 89, 355, 104, 107, 109, 115, 116, 373, 122, 378, 124, 379, 135, 392, 140, 146, 404, 162, 163, 425, 173, 179, 186, 198, 208, 473, 474, 217, 226, 487, 239, 499, 245, 502}
test-data\25-40\pmed29.txt 3091 {2, 7, 10, 17, 531, 20, 532, 24, 537, 30, 32, 34, 548, 550, 40, 552, 42, 44, 45, 562, 563, 52, 567, 60, 573, 63, 576, 579, 583, 584, 74, 76, 591, 596, 87, 599, 89, 90, 91, 96, 97, 102, 105, 106, 107, 110, 111, 113, 117, 123, 125, 128, 131, 133, 134, 136, 146, 147, 152, 154, 163, 166, 172, 181, 187, 188, 192, 196, 202, 206, 208, 215, 217, 221, 224, 225, 229, 230, 236, 242, 250, 257, 260, 265, 267, 281, 288, 289, 293, 295, 296, 308, 325, 328, 329, 336, 338, 350, 358, 359, 368, 375, 379, 386, 389, 393, 400, 403, 405, 408, 409, 417, 425, 450, 452, 458, 463, 469, 489, 506}
test-data\25-40\pmed30.txt 2027 {3, 4, 6, 8, 12, 13, 15, 16, 18, 20, 22, 23, 29, 31, 32, 34, 40, 46, 49, 51, 53, 58, 59, 63, 67, 68, 69, 74, 79, 80, 89, 93, 94, 96, 102, 104, 105, 107, 108, 110, 111, 115, 119, 120, 122, 129, 135, 136, 137, 142, 143, 144, 146, 149, 150, 152, 153, 158, 159, 162, 164, 165, 167, 171, 172, 174, 176, 177, 179, 182, 185, 186, 189, 191, 193, 195, 196, 203, 204, 205, 206, 207, 209, 214, 215, 217, 218, 220, 222, 224, 226, 228, 230, 232, 234, 235, 238, 242, 245, 248, 251, 254, 255, 260, 267, 272, 274, 276, 280, 282, 283, 286, 290, 300, 303, 304, 305, 307, 315, 316, 317, 318, 319, 321, 324, 333, 337, 342, 345, 346, 354, 357, 359, 373, 376, 379, 381, 382, 384, 385, 387, 388, 390, 393, 395, 399, 400, 403, 405, 406, 409, 419, 421, 422, 423, 429, 437, 447, 450, 455, 457, 458, 459, 466, 467, 470, 477, 480, 484, 502, 506, 507, 509, 510, 512, 514, 518, 522, 523, 528, 530, 532, 539, 541, 543, 544, 548, 553, 557, 558, 561, 570, 577, 582, 587, 588, 589, 595, 597, 599}
test-data\25-40\pmed31.txt 10086 {680, 83, 214, 187, 348}
test-data\25-40\pmed32.txt 9318 {269, 13, 80, 660, 405, 215, 24, 488, 111, 562}
test-data\25-40\pmed33.txt 4777 {0, 519, 523, 528, 17, 529, 533, 537, 34, 36, 550, 552, 554, 556, 48, 57, 576, 578, 71, 587, 79, 80, 607, 98, 103, 107, 623, 114, 628, 116, 124, 640, 136, 149, 150, 664, 665, 155, 673, 674, 682, 687, 690, 179, 193, 207, 246, 284, 286, 289, 290, 306, 319, 326, 329, 362, 364, 365, 399, 404, 407, 417, 437, 443, 458, 488, 503, 504, 506, 510}
test-data\25-40\pmed34.txt 3081 {0, 1, 5, 15, 17, 20, 26, 27, 30, 37, 39, 40, 46, 48, 51, 52, 54, 55, 56, 57, 59, 61, 63, 70, 76, 80, 82, 84, 87, 90, 94, 96, 101, 102, 107, 111, 120, 124, 130, 133, 138, 140, 147, 149, 150, 159, 160, 166, 170, 171, 173, 179, 184, 195, 197, 199, 217, 235, 237, 238, 248, 262, 263, 265, 268, 270, 273, 287, 293, 300, 301, 316, 318, 323, 329, 334, 335, 337, 338, 339, 350, 351, 352, 353, 357, 362, 370, 372, 376, 377, 381, 387, 390, 392, 406, 407, 409, 412, 426, 434, 441, 448, 452, 455, 458, 462, 472, 475, 477, 489, 495, 507, 510, 517, 519, 529, 530, 534, 536, 557, 561, 564, 566, 569, 572, 577, 597, 606, 610, 611, 612, 625, 627, 632, 660, 670, 671, 680, 685, 699}
test-data\25-40\pmed35.txt 10405 {7, 113, 305, 216, 348}
test-data\25-40\pmed36.txt 9954 {387, 325, 582, 710, 666, 567, 425, 562, 759, 250}
test-data\25-40\pmed37.txt 5090 {513, 517, 521, 530, 31, 37, 39, 40, 51, 52, 57, 69, 582, 584, 593, 595, 84, 597, 87, 608, 613, 625, 116, 631, 639, 132, 652, 150, 166, 168, 688, 698, 704, 199, 712, 714, 720, 722, 215, 222, 746, 758, 247, 246, 250, 254, 261, 779, 781, 786, 276, 279, 794, 797, 289, 301, 305, 339, 350, 356, 358, 361, 378, 387, 399, 410, 426, 435, 443, 477, 479, 480, 481, 485, 486, 489, 492, 499, 500, 504}
test-data\25-40\pmed38.txt 11104 {736, 809, 593, 753, 536}
test-data\25-40\pmed39.txt 9423 {323, 777, 593, 86, 472, 809, 46, 113, 243, 120}
test-data\25-40\pmed40.txt 5174 {515, 520, 8, 15, 528, 536, 537, 550, 552, 40, 557, 50, 53, 566, 565, 575, 577, 586, 89, 613, 103, 617, 107, 621, 114, 629, 120, 123, 638, 642, 647, 139, 652, 140, 148, 152, 664, 675, 679, 177, 180, 709, 730, 224, 738, 749, 758, 257, 262, 780, 270, 282, 802, 803, 805, 299, 301, 305, 307, 314, 319, 842, 844, 333, 336, 337, 849, 852, 348, 865, 866, 870, 877, 882, 371, 374, 886, 383, 386, 392, 396, 403, 405, 433, 440, 480, 489, 490, 500, 506}
